badge,url,suburb,state,postcode,short_address,full_address,price,price_text,property_type_detail,bedrooms,bathrooms,parking_spaces,building_size,building_size_unit,land_size,land_size_unit,listing_company_id,listing_company_name,auction_date,available_date,sold_date,property_type,building_size_clean,land_size_clean
Sold,https://www.realestate.com.au/sold/property-house-nsw-mirrabooka-138679211,Mirrabooka,NSW,2264,2 Mirrabooka Road,"2 Mirrabooka Road, Mirrabooka, NSW 2264",570000,"$570,000",house,1,1,1,,,1181.0,m²,XRWMOA,Ray White - Morisset,,,11 Apr 2022,house,,1181.0
Sold,https://www.realestate.com.au/sold/property-house-nsw-mirrabooka-130170866,Mirrabooka,NSW,2264,2 Mirrabooka Road,"2 Mirrabooka Road, Mirrabooka, NSW 2264",370000,"$370,000",house,1,1,1,,,1181.0,m²,XRWMOA,Ray White - Morisset,,,17 Apr 2020,house,,1181.0
Sold,https://www.realestate.com.au/sold/property-house-nsw-mirrabooka-120308489,Mirrabooka,NSW,2264,151 Dandaraga Rd,"151 Dandaraga Rd, Mirrabooka, NSW 2264",495000,"$495,000",house,1,1,1,,,815.0,m²,XRWMOA,Ray White - Morisset,,,11 Aug 2015,house,,815.0
Sold,https://www.realestate.com.au/sold/property-acreage+semi-rural-nsw-mirrabooka-134155138,Mirrabooka,NSW,2264,39 Fishery Point Road,"39 Fishery Point Road, Mirrabooka, NSW 2264",560000,"$560,000",acreage,1,1,0,,,2.0,ha,XNNGFX,PRD - Real Estate,,,21 Dec 2020,house,,20000.0
Sold,https://www.realestate.com.au/sold/property-house-nsw-mirrabooka-118292875,Mirrabooka,NSW,2264,15 Maipoona Road,"15 Maipoona Road, Mirrabooka, NSW 2264",249000,"$249,000",house,1,1,0,,,613.0,m²,DOWMOR,Wilson Britten - Morisset,,,01 Dec 2014,house,,613.0
Sold,https://www.realestate.com.au/sold/property-house-nsw-mirrabooka-106320362,Mirrabooka,NSW,2264,2 Mirrabooka Road,"2 Mirrabooka Road, Mirrabooka, NSW 2264",230000,"$230,000",house,1,1,1,,,1176.0,m²,XRHMOT,PRD  - Real Estate,,,05 Mar 2010,house,,1176.0
Sold,https://www.realestate.com.au/sold/property-house-nsw-mirrabooka-105027542,Mirrabooka,NSW,2264,,,452000,"$452,000",house,1,2,2,,,1087.0,m²,XRWMOA,Ray White - Morisset,,,10 Aug 2008,house,,1087.0
Sold,https://www.realestate.com.au/sold/property-house-nsw-mirrabooka-140474563,Mirrabooka,NSW,2264,33 Hillcrest Road,"33 Hillcrest Road, Mirrabooka, NSW 2264",585000,"$585,000",house,2,1,2,,,740.0,m²,GCVSXR,Elle Jayne Realty - Morisset,,,20 Oct 2022,house,,740.0
Sold,https://www.realestate.com.au/sold/property-house-nsw-mirrabooka-139895819,Mirrabooka,NSW,2264,177 Dandaraga Road,"177 Dandaraga Road, Mirrabooka, NSW 2264",765000,"$765,000",house,2,1,1,,,556.0,m²,MPPMOR,Morisset City Real Estate - Morisset,,,17 Oct 2022,house,,556.0
Sold,https://www.realestate.com.au/sold/property-house-nsw-mirrabooka-134680246,Mirrabooka,NSW,2264,130 Dandaraga Road,"130 Dandaraga Road, Mirrabooka, NSW 2264",370000,"$370,000",house,2,1,1,,,696.0,m²,XRWMOA,Ray White - Morisset,,,10 Nov 2020,house,,696.0
Sold,https://www.realestate.com.au/sold/property-house-nsw-mirrabooka-131375150,Mirrabooka,NSW,2264,174 Dandaraga Road,"174 Dandaraga Road, Mirrabooka, NSW 2264",446000,"$446,000",house,2,1,1,,,885.2,m²,XRHMOT,PRD  - Real Estate,,,08 Oct 2019,house,,885.2
Sold,https://www.realestate.com.au/sold/property-house-nsw-mirrabooka-122759518,Mirrabooka,NSW,2264,152 Dandaraga Road,"152 Dandaraga Road, Mirrabooka, NSW 2264",300000,"$300,000",house,2,1,1,,,784.1,m²,XRHMOT,PRD  - Real Estate,,,10 Jun 2016,house,,784.1
Sold,https://www.realestate.com.au/sold/property-house-nsw-mirrabooka-122261510,Mirrabooka,NSW,2264,18 Hillcrest Road,"18 Hillcrest Road, Mirrabooka, NSW 2264",245000,"$245,000",house,2,1,0,,,790.0,m²,XRWMOA,Ray White - Morisset,,,27 May 2016,house,,790.0
Sold,https://www.realestate.com.au/sold/property-house-nsw-mirrabooka-139571627,Mirrabooka,NSW,2264,4 Maipoona Road,"4 Maipoona Road, Mirrabooka, NSW 2264",642500,"$642,500",house,2,1,2,,,607.0,m²,MPPMOR,Morisset City Real Estate - Morisset,,,05 Jul 2022,house,,607.0
Sold,https://www.realestate.com.au/sold/property-house-nsw-mirrabooka-136138886,Mirrabooka,NSW,2264,59 Fishery Point Road,"59 Fishery Point Road, Mirrabooka, NSW 2264",470000,"$470,000",house,2,1,1,,,543.0,m²,DOWMOR,Wilson Britten - Morisset,,,01 Jul 2021,house,,543.0
Sold,https://www.realestate.com.au/sold/property-house-nsw-mirrabooka-135237814,Mirrabooka,NSW,2264,166 Dandaraga Road,"166 Dandaraga Road, Mirrabooka, NSW 2264",465000,"$465,000",house,2,1,2,,,784.0,m²,DOWMOR,Wilson Britten - Morisset,,,12 Feb 2021,house,,784.0
Sold,https://www.realestate.com.au/sold/property-house-nsw-mirrabooka-125010286,Mirrabooka,NSW,2264,163 Dandaraga Road,"163 Dandaraga Road, Mirrabooka, NSW 2264",660000,"$660,000",house,2,1,0,,,588.0,m²,DOWMOR,Wilson Britten - Morisset,,,17 May 2017,house,,588.0
Sold,https://www.realestate.com.au/sold/property-house-nsw-mirrabooka-124121502,Mirrabooka,NSW,2264,175 Dandaraga Road,"175 Dandaraga Road, Mirrabooka, NSW 2264",555000,"$555,000",house,2,1,0,,,525.0,m²,XRHMOT,PRD  - Real Estate,,,07 Dec 2016,house,,525.0
Sold,https://www.realestate.com.au/sold/property-house-nsw-mirrabooka-122059682,Mirrabooka,NSW,2264,8 Mulloka Rd,"8 Mulloka Rd, Mirrabooka, NSW 2264",319000,"$319,000",house,2,1,2,,,708.0,m²,MPPMOR,Morisset City Real Estate - Morisset,,,25 May 2016,house,,708.0
Sold,https://www.realestate.com.au/sold/property-house-nsw-mirrabooka-116945051,Mirrabooka,NSW,2264,118 Dandaraga Road,"118 Dandaraga Road, Mirrabooka, NSW 2264",250000,"$250,000",house,2,1,0,,,697.0,m²,XRHMOT,PRD  - Real Estate,,,30 May 2014,house,,697.0
Sold,https://www.realestate.com.au/sold/property-house-nsw-mirrabooka-115566735,Mirrabooka,NSW,2264,2 Mirrabooka Road,"2 Mirrabooka Road, Mirrabooka, NSW 2264",276000,"$276,000",house,2,1,1,,,1176.0,m²,DOWMOR,Wilson Britten - Morisset,,,19 May 2014,house,,1176.0
Sold,https://www.realestate.com.au/sold/property-house-nsw-mirrabooka-106481296,Mirrabooka,NSW,2264,29 Hillcrest Road,"29 Hillcrest Road, Mirrabooka, NSW 2264",195000,"$195,000",house,2,1,1,,,-1.0,,DOWMOR,Wilson Britten - Morisset,,,09 Jul 2010,house,,-1.0
Sold,https://www.realestate.com.au/sold/property-house-nsw-mirrabooka-118268227,Mirrabooka,NSW,2264,174 Dandaraga Road,"174 Dandaraga Road, Mirrabooka, NSW 2264",341000,"$341,000",house,2,1,4,80,m²,885.0,m²,TUBCGH,Pyrmont City First National Realestate - PYRMONT,,,10 Nov 2014,house,80,885.0
Sold,https://www.realestate.com.au/sold/property-house-nsw-mirrabooka-112198779,Mirrabooka,NSW,2264,166 Dandaraga Rd,"166 Dandaraga Rd, Mirrabooka, NSW 2264",250000,"$250,000",house,2,1,2,,,-1.0,,XRWMOA,Ray White - Morisset,,,13 Sep 2013,house,,-1.0
Sold,https://www.realestate.com.au/sold/property-house-nsw-mirrabooka-112278723,Mirrabooka,NSW,2264,175 Dandaraga Road,"175 Dandaraga Road, Mirrabooka, NSW 2264",385000,"$385,000",house,2,1,0,,,-1.0,,XRHMOT,PRD  - Real Estate,,,11 Jun 2013,house,,-1.0
Sold,https://www.realestate.com.au/sold/property-house-nsw-mirrabooka-109559586,Mirrabooka,NSW,2264,8 Mulloka Rd,"8 Mulloka Rd, Mirrabooka, NSW 2264",235000,"$235,000",house,2,1,0,,,708.0,m²,MPPMOR,Morisset City Real Estate - Morisset,,,20 Mar 2012,house,,708.0
Sold,https://www.realestate.com.au/sold/property-house-nsw-mirrabooka-109064461,Mirrabooka,NSW,2264,125 Dandaraga Road,"125 Dandaraga Road, Mirrabooka, NSW 2264",520000,"$520,000",house,2,1,1,,,1107.0,m²,XRWMOA,Ray White - Morisset,,,19 Feb 2012,house,,1107.0
Sold,https://www.realestate.com.au/sold/property-house-nsw-mirrabooka-107213412,Mirrabooka,NSW,2264,,,241000,"$241,000",house,2,1,1,,,784.0,m²,MPPMOR,Morisset City Real Estate - Morisset,,,21 Mar 2011,house,,784.0
Sold,https://www.realestate.com.au/sold/property-house-nsw-mirrabooka-105439276,Mirrabooka,NSW,2264,,,270000,"$270,000",house,2,1,2,,,940.0,m²,XRWMOA,Ray White - Morisset,,,06 Feb 2009,house,,940.0
Sold,https://www.realestate.com.au/sold/property-house-nsw-mirrabooka-104796656,Mirrabooka,NSW,2264,169 Dandaraga Road,"169 Dandaraga Road, Mirrabooka, NSW 2264",492000,"$492,000",house,2,1,1,,,538.0,m²,XFNTOT,Avery Property Professionals  -   ,,,04 Jun 2008,house,,538.0
Sold,https://www.realestate.com.au/sold/property-house-nsw-mirrabooka-103695892,Mirrabooka,NSW,2264,,,,Contact agent,house,2,1,2,,,1000.0,m²,,,,,11 Feb 2008,house,,1000.0
Sold,https://www.realestate.com.au/sold/property-house-nsw-mirrabooka-123505278,Mirrabooka,NSW,2264,,,210000,"$210,000",house,2,1,0,,,784.0,m²,XRHMOT,PRD  - Real Estate,,,03 Aug 2007,house,,784.0
Sold,https://www.realestate.com.au/sold/property-house-nsw-mirrabooka-141631256,Mirrabooka,NSW,2264,24 Mooranga Road,"24 Mooranga Road, Mirrabooka, NSW 2264",855000,"$855,000",house,3,1,2,,,1827.0,m²,XRWMOA,Ray White - Morisset,,,01 Apr 2023,house,,1827.0
Sold,https://www.realestate.com.au/sold/property-house-nsw-mirrabooka-139975571,Mirrabooka,NSW,2264,222 Dandaraga Road,"222 Dandaraga Road, Mirrabooka, NSW 2264",720000,"$720,000",house,3,1,0,,,701.88,m²,XRHMOT,PRD  - Real Estate,,,28 Sep 2022,house,,701.88
Sold,https://www.realestate.com.au/sold/property-house-nsw-mirrabooka-139324527,Mirrabooka,NSW,2264,11 Hillcrest Road,"11 Hillcrest Road, Mirrabooka, NSW 2264",650000,"$650,000",house,3,2,0,,,645.0,m²,XRHMOT,PRD  - Real Estate,,,15 Jun 2022,house,,645.0
Sold,https://www.realestate.com.au/sold/property-house-nsw-mirrabooka-138363647,Mirrabooka,NSW,2264,182 Dandaraga Road,"182 Dandaraga Road, Mirrabooka, NSW 2264",950000,"$950,000",house,3,2,2,,,588.0,m²,GCVSXR,Elle Jayne Realty - Morisset,,,10 Feb 2022,house,,588.0
Sold,https://www.realestate.com.au/sold/property-house-nsw-mirrabooka-137985698,Mirrabooka,NSW,2264,14 Hillcrest Road,"14 Hillcrest Road, Mirrabooka, NSW 2264",682500,"$682,500",house,3,1,1,,,734.0,m²,RCYGQP,The Property Market - Central Coast,,,02 Feb 2022,house,,734.0
Sold,https://www.realestate.com.au/sold/property-house-nsw-mirrabooka-137544674,Mirrabooka,NSW,2264,15 Fishery Point Road,"15 Fishery Point Road, Mirrabooka, NSW 2264",940000,"$940,000",house,3,2,3,,,4046.86,m²,XRWTOR,Ray White - Toronto,,,22 Nov 2021,house,,4046.86
Sold,https://www.realestate.com.au/sold/property-house-nsw-mirrabooka-136968762,Mirrabooka,NSW,2264,33 Mirrabooka Road,"33 Mirrabooka Road, Mirrabooka, NSW 2264",650000,"$650,000",house,3,1,0,,,1309.0,m²,RBBSUM,The Property Market Lake Macquarie - GWANDALAN,,,25 Aug 2021,house,,1309.0
Sold,https://www.realestate.com.au/sold/property-house-nsw-mirrabooka-136593294,Mirrabooka,NSW,2264,14 Fishery Point Road,"14 Fishery Point Road, Mirrabooka, NSW 2264",665000,"$665,000",house,3,2,1,,,601.0,m²,GCVSXR,Elle Jayne Realty - Morisset,,,15 Jul 2021,house,,601.0
Sold,https://www.realestate.com.au/sold/property-house-nsw-mirrabooka-135912170,Mirrabooka,NSW,2264,124 Dandaraga Road,"124 Dandaraga Road, Mirrabooka, NSW 2264",885000,"$885,000",house,3,2,2,,,696.0,m²,EEUAYS,One Agency Morisset - Lake Macquarie Sth,,,24 Jun 2021,house,,696.0
Sold,https://www.realestate.com.au/sold/property-acreage+semi-rural-nsw-mirrabooka-133409462,Mirrabooka,NSW,2264,22 Hillcrest Road,"22 Hillcrest Road, Mirrabooka, NSW 2264",600000,"$600,000",acreage,3,1,1,,,1.23,ha,XRWMOA,Ray White - Morisset,,,08 May 2020,house,,12300.0
Sold,https://www.realestate.com.au/sold/property-house-nsw-mirrabooka-132270902,Mirrabooka,NSW,2264,125 Dandaraga Road,"125 Dandaraga Road, Mirrabooka, NSW 2264",820000,"$820,000",house,3,1,1,,,1107.0,m²,XRHMOT,PRD  - Real Estate,,,29 Nov 2019,house,,1107.0
Sold,https://www.realestate.com.au/sold/property-house-nsw-mirrabooka-129613646,Mirrabooka,NSW,2264,9 Mirrabooka Road,"9 Mirrabooka Road, Mirrabooka, NSW 2264",432000,"$432,000",house,3,2,0,,,696.0,m²,OKRIYO,McGrath Toukley - TOUKLEY,,,03 Apr 2019,house,,696.0
Sold,https://www.realestate.com.au/sold/property-house-nsw-mirrabooka-129165066,Mirrabooka,NSW,2264,25 Hillcrest Road,"25 Hillcrest Road, Mirrabooka, NSW 2264",550000,"$550,000",house,3,1,4,,,-1.0,,OKRIYO,McGrath Toukley - TOUKLEY,,,05 Sep 2018,house,,-1.0
Sold,https://www.realestate.com.au/sold/property-house-nsw-mirrabooka-125388582,Mirrabooka,NSW,2264,6 Hillcrest Road,"6 Hillcrest Road, Mirrabooka, NSW 2264",450000,"$450,000",house,3,1,3,,,640.0,m²,XRWMOA,Ray White - Morisset,,,08 Aug 2017,house,,640.0
Sold,https://www.realestate.com.au/sold/property-house-nsw-mirrabooka-123304626,Mirrabooka,NSW,2264,14 Hillcrest Road,"14 Hillcrest Road, Mirrabooka, NSW 2264",360000,"$360,000",house,3,1,1,,,737.0,m²,XRHMOT,PRD  - Real Estate,,,07 Oct 2016,house,,737.0
Sold,https://www.realestate.com.au/sold/property-house-nsw-mirrabooka-120687921,Mirrabooka,NSW,2264,21 Fishery Point Road,"21 Fishery Point Road, Mirrabooka, NSW 2264",240000,"$240,000",house,3,1,2,,,613.3,m²,XRWMOA,Ray White - Morisset,,,29 Oct 2015,house,,613.3
Sold,https://www.realestate.com.au/sold/property-acreage+semi-rural-nsw-mirrabooka-119933561,Mirrabooka,NSW,2264,75 Hillcrest Road,"75 Hillcrest Road, Mirrabooka, NSW 2264",770000,"$770,000",acreage,3,2,2,,,8093.71,m²,RCYGQP,The Property Market - Central Coast,,,15 Jun 2015,house,,8093.71
Sold,https://www.realestate.com.au/sold/property-house-nsw-mirrabooka-137134962,Mirrabooka,NSW,2264,30 Fishery Point Road,"30 Fishery Point Road, Mirrabooka, NSW 2264",616500,"$616,500",house,3,2,0,,,588.0,m²,DOWMOR,Wilson Britten - Morisset,,,01 Oct 2021,house,,588.0
Sold,https://www.realestate.com.au/sold/property-house-nsw-mirrabooka-136125098,Mirrabooka,NSW,2264,16 Maipoona Road,"16 Maipoona Road, Mirrabooka, NSW 2264",650000,"$650,000",house,3,2,1,,,803.0,m²,DOWMOR,Wilson Britten - Morisset,,,02 Jul 2021,house,,803.0
Sold,https://www.realestate.com.au/sold/property-house-nsw-mirrabooka-135859774,Mirrabooka,NSW,2264,33 Mooranga Road,"33 Mooranga Road, Mirrabooka, NSW 2264",601000,"$601,000",house,3,1,1,,,645.0,m²,MPPMOR,Morisset City Real Estate - Morisset,,,15 Apr 2021,house,,645.0
Sold,https://www.realestate.com.au/sold/property-house-nsw-mirrabooka-134912758,Mirrabooka,NSW,2264,19 Mirrabooka Road,"19 Mirrabooka Road, Mirrabooka, NSW 2264",549000,"$549,000",house,3,1,2,,,1144.0,m²,MPPMOR,Morisset City Real Estate - Morisset,,,30 Jan 2021,house,,1144.0
Sold,https://www.realestate.com.au/sold/property-house-nsw-mirrabooka-130379546,Mirrabooka,NSW,2264,224 Dandaraga Road,"224 Dandaraga Road, Mirrabooka, NSW 2264",519000,"$519,000",house,3,2,0,,,676.0,m²,MPPMOR,Morisset City Real Estate - Morisset,,,26 Sep 2020,house,,676.0
Sold,https://www.realestate.com.au/sold/property-house-nsw-mirrabooka-133859870,Mirrabooka,NSW,2264,31 Mirrabooka Road,"31 Mirrabooka Road, Mirrabooka, NSW 2264",570000,"$570,000",house,3,2,1,,,655.0,m²,MPPMOR,Morisset City Real Estate - Morisset,,,09 Sep 2020,house,,655.0
Sold,https://www.realestate.com.au/sold/property-house-nsw-mirrabooka-134991326,Mirrabooka,NSW,2264,25A Maipoona Road,"25A Maipoona Road, Mirrabooka, NSW 2264",710000,"$710,000",house,3,2,5,205,m²,2295.0,m²,UJUOKQ,The Agency - Newcastle,,,10 Mar 2020,house,205,2295.0
Sold,https://www.realestate.com.au/sold/property-house-nsw-mirrabooka-131894986,Mirrabooka,NSW,2264,20 Hillcrest Road,"20 Hillcrest Road, Mirrabooka, NSW 2264",388000,"$388,000",house,3,1,1,,,816.0,m²,DOWMOR,Wilson Britten - Morisset,,,29 Nov 2019,house,,816.0
Sold,https://www.realestate.com.au/sold/property-house-nsw-mirrabooka-128652502,Mirrabooka,NSW,2264,49 Fishery Point Road,"49 Fishery Point Road, Mirrabooka, NSW 2264",413000,"$413,000",house,3,1,2,,,607.0,m²,MPPMOR,Morisset City Real Estate - Morisset,,,02 Jul 2019,house,,607.0
Sold,https://www.realestate.com.au/sold/property-house-nsw-mirrabooka-130572930,Mirrabooka,NSW,2264,51 Hillcrest Road,"51 Hillcrest Road, Mirrabooka, NSW 2264",615000,"$615,000",house,3,2,2,,,-1.0,,XRHMOT,PRD  - Real Estate,,,05 May 2019,house,,-1.0
Sold,https://www.realestate.com.au/sold/property-house-nsw-mirrabooka-128454998,Mirrabooka,NSW,2264,16 Fishery Point Road,"16 Fishery Point Road, Mirrabooka, NSW 2264",400000,"$400,000",house,3,1,1,,,-1.0,,QPWPSA,Harcourts Residential and Lifestyle - TOUKLEY,,,19 Nov 2018,house,,-1.0
Sold,https://www.realestate.com.au/sold/property-house-nsw-mirrabooka-127027442,Mirrabooka,NSW,2264,7 Maipoona Road,"7 Maipoona Road, Mirrabooka, NSW 2264",450000,"$450,000",house,3,1,2,,,733.5,m²,CRGCHA,Creer Property - Charlestown     ,,,05 Dec 2017,house,,733.5
Sold,https://www.realestate.com.au/sold/property-house-nsw-mirrabooka-126760454,Mirrabooka,NSW,2264,14 Hillcrest Road,"14 Hillcrest Road, Mirrabooka, NSW 2264",420000,"$420,000",house,3,1,1,,,734.0,m²,XRWGOR,Ray White Thompson Partners - Gorokan,,,21 Nov 2017,house,,734.0
Sold,https://www.realestate.com.au/sold/property-house-nsw-mirrabooka-126477526,Mirrabooka,NSW,2264,210 Dandaraga Road,"210 Dandaraga Road, Mirrabooka, NSW 2264",499000,"$499,000",house,3,2,2,,,651.0,m²,MPPMOR,Morisset City Real Estate - Morisset,,,02 Nov 2017,house,,651.0
Sold,https://www.realestate.com.au/sold/property-house-nsw-mirrabooka-126418742,Mirrabooka,NSW,2264,6 Mirrabooka Road,"6 Mirrabooka Road, Mirrabooka, NSW 2264",435000,"$435,000",house,3,1,0,,,1033.0,m²,AREENA,LJ Hooker Lake Macquarie - Wangi Wangi,,,24 Oct 2017,house,,1033.0
Sold,https://www.realestate.com.au/sold/property-house-nsw-mirrabooka-125399050,Mirrabooka,NSW,2264,173 Dandaraga Road,"173 Dandaraga Road, Mirrabooka, NSW 2264",605800,"$605,800",house,3,1,0,,,533.0,m²,XRHMOT,PRD  - Real Estate,,,29 Aug 2017,house,,533.0
Sold,https://www.realestate.com.au/sold/property-house-nsw-mirrabooka-125053658,Mirrabooka,NSW,2264,25 Hillcrest Road,"25 Hillcrest Road, Mirrabooka, NSW 2264",406000,"$406,000",house,3,1,2,,,715.0,m²,IOHFCS,Dotcom Property Sales - NSW,,,30 Mar 2017,house,,715.0
Sold,https://www.realestate.com.au/sold/property-house-nsw-mirrabooka-124657242,Mirrabooka,NSW,2264,124 Dandaraga Road,"124 Dandaraga Road, Mirrabooka, NSW 2264",730000,"$730,000",house,3,2,3,,,695.6,m²,XRHMOT,PRD  - Real Estate,,,11 Jan 2017,house,,695.6
Sold,https://www.realestate.com.au/sold/property-house-nsw-mirrabooka-124657238,Mirrabooka,NSW,2264,34 Fishery Point Road,"34 Fishery Point Road, Mirrabooka, NSW 2264",265000,"$265,000",house,3,1,0,,,558.0,m²,XRHMOT,PRD  - Real Estate,,,31 Dec 2016,house,,558.0
Sold,https://www.realestate.com.au/sold/property-house-nsw-mirrabooka-123150486,Mirrabooka,NSW,2264,21 Mirrabooka Road,"21 Mirrabooka Road, Mirrabooka, NSW 2264",445000,"$445,000",house,3,1,3,,,1137.0,m²,PRDNEW,"PRD Presence - Newcastle, Lake Macquarie & Central Coast -     ",,,12 Oct 2016,house,,1137.0
Sold,https://www.realestate.com.au/sold/property-house-nsw-mirrabooka-121792966,Mirrabooka,NSW,2264,26 Fishery Point Road,"26 Fishery Point Road, Mirrabooka, NSW 2264",315000,"$315,000",house,3,2,2,,,657.0,m²,DOWMOR,Wilson Britten - Morisset,,,08 Aug 2016,house,,657.0
Sold,https://www.realestate.com.au/sold/property-house-nsw-mirrabooka-120186025,Mirrabooka,NSW,2264,122 Dandaraga Road,"122 Dandaraga Road, Mirrabooka, NSW 2264",345000,"$345,000",house,3,1,4,,,695.6,m²,XRHMOT,PRD  - Real Estate,,,16 Jul 2015,house,,695.6
Sold,https://www.realestate.com.au/sold/property-house-nsw-mirrabooka-119888153,Mirrabooka,NSW,2264,45 Hillcrest Road,"45 Hillcrest Road, Mirrabooka, NSW 2264",333000,"$333,000",house,3,1,2,,,632.3,m²,XRHMOT,PRD  - Real Estate,,,17 Jun 2015,house,,632.3
Sold,https://www.realestate.com.au/sold/property-house-nsw-mirrabooka-119006819,Mirrabooka,NSW,2264,31 Fishery Point Road,"31 Fishery Point Road, Mirrabooka, NSW 2264",850000,"$850,000",house,3,2,4,,,1.2,ha,XRWMOA,Ray White - Morisset,,,04 Jun 2015,house,,12000.0
Sold,https://www.realestate.com.au/sold/property-house-nsw-mirrabooka-118656315,Mirrabooka,NSW,2264,36 Fishery Point Road,"36 Fishery Point Road, Mirrabooka, NSW 2264",349000,"$349,000",house,3,2,0,,,695.6,m²,XRHMOT,PRD  - Real Estate,,,23 Jan 2015,house,,695.6
Sold,https://www.realestate.com.au/sold/property-house-nsw-mirrabooka-117545496,Mirrabooka,NSW,2264,5 Mirrabooka Rd,"5 Mirrabooka Rd, Mirrabooka, NSW 2264",258500,"$258,500",house,3,1,1,,,784.0,m²,MPPMOR,Morisset City Real Estate - Morisset,,,26 Aug 2014,house,,784.0
Sold,https://www.realestate.com.au/sold/property-house-nsw-mirrabooka-115299391,Mirrabooka,NSW,2264,20  Hillcrest Road,"20  Hillcrest Road, Mirrabooka, NSW 2264",290000,"$290,000",house,3,1,1,,,816.0,m²,DOWMOR,Wilson Britten - Morisset,,,04 Jun 2014,house,,816.0
Sold,https://www.realestate.com.au/sold/property-house-nsw-mirrabooka-116117719,Mirrabooka,NSW,2264,24 Mirrabooka Road,"24 Mirrabooka Road, Mirrabooka, NSW 2264",353000,"$353,000",house,3,1,4,,,2150.0,m²,DOWMOR,Wilson Britten - Morisset,,,30 May 2014,house,,2150.0
Sold,https://www.realestate.com.au/sold/property-house-nsw-mirrabooka-115367399,Mirrabooka,NSW,2264,,,410000,"$410,000",house,3,2,4,,,1159.0,m²,DOWMOR,Wilson Britten - Morisset,,,07 Jan 2014,house,,1159.0
Sold,https://www.realestate.com.au/sold/property-house-nsw-mirrabooka-113597031,Mirrabooka,NSW,2264,28 Hillcrest  Road,"28 Hillcrest  Road, Mirrabooka, NSW 2264",350000,"$350,000",house,3,2,3,,,1250.0,m²,DOWMOR,Wilson Britten - Morisset,,,17 Jul 2013,house,,1250.0
Sold,https://www.realestate.com.au/sold/property-house-nsw-mirrabooka-112659123,Mirrabooka,NSW,2264,16 Maipoona Road,"16 Maipoona Road, Mirrabooka, NSW 2264",365000,"$365,000",house,3,2,3,,,-1.0,,XRHMOT,PRD  - Real Estate,,,08 Apr 2013,house,,-1.0
Sold,https://www.realestate.com.au/sold/property-house-nsw-mirrabooka-112812619,Mirrabooka,NSW,2264,15 Fishery Point Road,"15 Fishery Point Road, Mirrabooka, NSW 2264",350000,"$350,000",house,3,2,4,,,-1.0,,DOWMOR,Wilson Britten - Morisset,,,11 Feb 2013,house,,-1.0
Sold,https://www.realestate.com.au/sold/property-house-nsw-mirrabooka-105360208,Mirrabooka,NSW,2264,11 Hillcrest Road,"11 Hillcrest Road, Mirrabooka, NSW 2264",267000,"$267,000",house,3,2,1,,,645.0,m²,XRHMOT,PRD  - Real Estate,,,12 Dec 2008,house,,645.0
Sold,https://www.realestate.com.au/sold/property-house-nsw-mirrabooka-138928623,Mirrabooka,NSW,2264,43 Fishery Point Road,"43 Fishery Point Road, Mirrabooka, NSW 2264",1050000,"$1,050,000",house,3,1,8,,,3212.0,m²,OPLYHL,Macquarie Realtors - TORONTO,,,25 May 2022,house,,3212.0
Sold,https://www.realestate.com.au/sold/property-house-nsw-mirrabooka-137454206,Mirrabooka,NSW,2264,8 Hillcrest Road,"8 Hillcrest Road, Mirrabooka, NSW 2264",845000,"$845,000",house,3,2,4,,,683.0,m²,DOWMOR,Wilson Britten - Morisset,,,25 Nov 2021,house,,683.0
Sold,https://www.realestate.com.au/sold/property-house-nsw-mirrabooka-136744646,Mirrabooka,NSW,2264,2 Mooranga Road,"2 Mooranga Road, Mirrabooka, NSW 2264",750000,"$750,000",house,3,1,2,,,1003.0,m²,XHEGOS,Wiseberry Charmhaven - CHARMHAVEN,,,14 Sep 2021,house,,1003.0
Sold,https://www.realestate.com.au/sold/property-house-nsw-mirrabooka-133137830,Mirrabooka,NSW,2264,75 Fishery Point Road,"75 Fishery Point Road, Mirrabooka, NSW 2264",478000,"$478,000",house,3,1,2,,,2729.0,m²,XRHMOT,PRD  - Real Estate,,,09 Apr 2020,house,,2729.0
Sold,https://www.realestate.com.au/sold/property-house-nsw-mirrabooka-126955578,Mirrabooka,NSW,2264,11 Hillcrest Road,"11 Hillcrest Road, Mirrabooka, NSW 2264",395000,"$395,000",house,3,2,0,,,645.0,m²,XRHMOT,PRD  - Real Estate,,,11 Jan 2018,house,,645.0
Sold,https://www.realestate.com.au/sold/property-house-nsw-mirrabooka-117807199,Mirrabooka,NSW,2264,155a Dandaraga Road,"155a Dandaraga Road, Mirrabooka, NSW 2264",530000,"$530,000",house,3,1,1,,,771.0,m²,XRWMOA,Ray White - Morisset,,,08 Sep 2014,house,,771.0
Sold,https://www.realestate.com.au/sold/property-house-nsw-mirrabooka-116323147,Mirrabooka,NSW,2264,6 Hillcrest Road,"6 Hillcrest Road, Mirrabooka, NSW 2264",337000,"$337,000",house,3,1,3,,,639.0,m²,XRHMOT,PRD  - Real Estate,,,01 Jul 2014,house,,639.0
Sold,https://www.realestate.com.au/sold/property-house-nsw-mirrabooka-115462079,Mirrabooka,NSW,2264,10 Fishery Point Road,"10 Fishery Point Road, Mirrabooka, NSW 2264",368000,"$368,000",house,3,2,1,,,-1.0,,XRHMOT,PRD  - Real Estate,,,23 Dec 2013,house,,-1.0
Sold,https://www.realestate.com.au/sold/property-house-nsw-mirrabooka-115176003,Mirrabooka,NSW,2264,57 Fishery Point Rd,"57 Fishery Point Rd, Mirrabooka, NSW 2264",335000,"$335,000",house,3,1,2,,,-1.0,,XRWMOA,Ray White - Morisset,,,08 Nov 2013,house,,-1.0
Sold,https://www.realestate.com.au/sold/property-house-nsw-mirrabooka-114187783,Mirrabooka,NSW,2264,168 Dandaraga Rd,"168 Dandaraga Rd, Mirrabooka, NSW 2264",,Contact agent,house,3,1,1,,,-1.0,,XRWMOA,Ray White - Morisset,,,07 Nov 2013,house,,-1.0
Sold,https://www.realestate.com.au/sold/property-house-nsw-mirrabooka-114222255,Mirrabooka,NSW,2264,4 Fishery Point Road,"4 Fishery Point Road, Mirrabooka, NSW 2264",362500,"$362,500",house,3,2,2,,,-1.0,,XRWMOA,Ray White - Morisset,,,09 Oct 2013,house,,-1.0
Sold,https://www.realestate.com.au/sold/property-house-nsw-mirrabooka-114554919,Mirrabooka,NSW,2264,12 Fishery Point Rd,"12 Fishery Point Rd, Mirrabooka, NSW 2264",247500,"$247,500",house,3,2,2,,,-1.0,,XRWMOA,Ray White - Morisset,,,22 Sep 2013,house,,-1.0
Sold,https://www.realestate.com.au/sold/property-house-nsw-mirrabooka-113906855,Mirrabooka,NSW,2264,6 Mirrabooka Road,"6 Mirrabooka Road, Mirrabooka, NSW 2264",285000,"$285,000",house,3,1,0,,,1033.0,m²,XRHMOT,PRD  - Real Estate,,,16 Aug 2013,house,,1033.0
Sold,https://www.realestate.com.au/sold/property-house-nsw-mirrabooka-113718747,Mirrabooka,NSW,2264,49 Fishery Point Road,"49 Fishery Point Road, Mirrabooka, NSW 2264",330000,"$330,000",house,3,1,2,,,-1.0,,XRHMOT,PRD  - Real Estate,,,22 May 2013,house,,-1.0
Sold,https://www.realestate.com.au/sold/property-house-nsw-mirrabooka-110619913,Mirrabooka,NSW,2264,127 Dandaraga Rd,"127 Dandaraga Rd, Mirrabooka, NSW 2264",655000,"$655,000",house,3,2,3,,,-1.0,,XRWMOA,Ray White - Morisset,,,28 Nov 2012,house,,-1.0
Sold,https://www.realestate.com.au/sold/property-house-nsw-mirrabooka-110817699,Mirrabooka,NSW,2264,,,315000,"$315,000",house,3,2,2,,,-1.0,,XRWTOR,Ray White - Toronto,,,02 Aug 2012,house,,-1.0
Sold,https://www.realestate.com.au/sold/property-house-nsw-mirrabooka-111128355,Mirrabooka,NSW,2264,31 Mooranga Road,"31 Mooranga Road, Mirrabooka, NSW 2264",330000,"$330,000",house,3,1,2,,,-1.0,,XRHMOT,PRD  - Real Estate,,,25 Jul 2012,house,,-1.0
Sold,https://www.realestate.com.au/sold/property-house-nsw-mirrabooka-109768116,Mirrabooka,NSW,2264,49 fishery Point Road,"49 fishery Point Road, Mirrabooka, NSW 2264",310000,"$310,000",house,3,1,2,,,603.0,m²,XRHMOT,PRD  - Real Estate,,,29 Mar 2012,house,,603.0
Sold,https://www.realestate.com.au/sold/property-house-nsw-mirrabooka-106095854,Mirrabooka,NSW,2264,75 Fishery Point Rd,"75 Fishery Point Rd, Mirrabooka, NSW 2264",370000,"$370,000",house,3,2,2,,,2729.0,m²,XRWMOA,Ray White - Morisset,,,10 Aug 2011,house,,2729.0
Sold,https://www.realestate.com.au/sold/property-house-nsw-mirrabooka-107375170,Mirrabooka,NSW,2264,7 Maipoona Rd,"7 Maipoona Rd, Mirrabooka, NSW 2264",310000,"$310,000",house,3,1,3,,,733.0,m²,XRWMOA,Ray White - Morisset,,,07 Jul 2011,house,,733.0
Sold,https://www.realestate.com.au/sold/property-house-nsw-mirrabooka-106975472,Mirrabooka,NSW,2264,11 Hillcrest Road,"11 Hillcrest Road, Mirrabooka, NSW 2264",278000,"$278,000",house,3,2,0,,,645.0,m²,XRHMOT,PRD  - Real Estate,,,11 Jan 2011,house,,645.0
Sold,https://www.realestate.com.au/sold/property-house-nsw-mirrabooka-106711217,Mirrabooka,NSW,2264,29 Mooranga Rd,"29 Mooranga Rd, Mirrabooka, NSW 2264",361000,"$361,000",house,3,2,2,,,-1.0,,MPPMOR,Morisset City Real Estate - Morisset,,,03 Nov 2010,house,,-1.0
Sold,https://www.realestate.com.au/sold/property-house-nsw-mirrabooka-106791285,Mirrabooka,NSW,2264,60 Fishery Point Road,"60 Fishery Point Road, Mirrabooka, NSW 2264",316000,"$316,000",house,3,2,2,,,603.0,m²,XRHMOT,PRD  - Real Estate,,,29 Aug 2010,house,,603.0
Sold,https://www.realestate.com.au/sold/property-house-nsw-mirrabooka-105890426,Mirrabooka,NSW,2264,153 Dandaraga Road,"153 Dandaraga Road, Mirrabooka, NSW 2264",615000,"$615,000",house,3,2,1,,,795.0,m²,XRWMOA,Ray White - Morisset,,,29 Jun 2010,house,,795.0
Sold,https://www.realestate.com.au/sold/property-house-nsw-mirrabooka-106419685,Mirrabooka,NSW,2264,128 Dandaraga Road,"128 Dandaraga Road, Mirrabooka, NSW 2264",325000,"$325,000",house,3,2,2,,,675.0,m²,XRHMOT,PRD  - Real Estate,,,07 Apr 2010,house,,675.0
Sold,https://www.realestate.com.au/sold/property-house-nsw-mirrabooka-105459177,Mirrabooka,NSW,2264,12 Hillcrest street,"12 Hillcrest street, Mirrabooka, NSW 2264",,Contact agent,house,3,3,0,,,-1.0,,,,,,18 Dec 2009,house,,-1.0
Sold,https://www.realestate.com.au/sold/property-house-nsw-mirrabooka-106168665,Mirrabooka,NSW,2264,182 Dandaraga Road,"182 Dandaraga Road, Mirrabooka, NSW 2264",350000,"$350,000",house,3,2,2,,,588.0,m²,XRHMOT,PRD  - Real Estate,,,17 Dec 2009,house,,588.0
Sold,https://www.realestate.com.au/sold/property-house-nsw-mirrabooka-104661534,Mirrabooka,NSW,2264,,,,Contact agent,house,3,2,3,,,-1.0,,,,,,10 Mar 2009,house,,-1.0
Sold,https://www.realestate.com.au/sold/property-house-nsw-mirrabooka-105419300,Mirrabooka,NSW,2264,,,415000,"$415,000",house,3,3,2,,,594.0,m²,XRWMOA,Ray White - Morisset,,,23 Jan 2009,house,,594.0
Sold,https://www.realestate.com.au/sold/property-house-nsw-mirrabooka-104041963,Mirrabooka,NSW,2264,,,216000,"$216,000",house,3,1,1,,,-1.0,,MPPMOR,Morisset City Real Estate - Morisset,,,28 Nov 2008,house,,-1.0
Sold,https://www.realestate.com.au/sold/property-house-nsw-mirrabooka-123505230,Mirrabooka,NSW,2264,8 Hillcrest Road,"8 Hillcrest Road, Mirrabooka, NSW 2264",264000,"$264,000",house,3,2,0,,,682.9,m²,XRHMOT,PRD  - Real Estate,,,22 Feb 2008,house,,682.9
Sold,https://www.realestate.com.au/sold/property-house-nsw-mirrabooka-107430117,Mirrabooka,NSW,2264,25 Mooranga Rd,"25 Mooranga Rd, Mirrabooka, NSW 2264",,Contact agent,house,3,1,1,,,658.0,m²,XRWMOA,Ray White - Morisset,,,,house,,658.0
Sold,https://www.realestate.com.au/sold/property-house-nsw-mirrabooka-140755091,Mirrabooka,NSW,2264,183 Dandaraga Road,"183 Dandaraga Road, Mirrabooka, NSW 2264",930000,"$930,000",house,4,2,3,,,519.0,m²,GCVSXR,Elle Jayne Realty - Morisset,,,24 Mar 2023,house,,519.0
Sold,https://www.realestate.com.au/sold/property-house-nsw-mirrabooka-140890016,Mirrabooka,NSW,2264,21 Fishery Point Road,"21 Fishery Point Road, Mirrabooka, NSW 2264",760000,"$760,000",house,4,2,1,,,613.0,m²,GCVSXR,Elle Jayne Realty - Morisset,,,30 Jan 2023,house,,613.0
Sold,https://www.realestate.com.au/sold/property-house-nsw-mirrabooka-140588871,Mirrabooka,NSW,2264,22 Hillcrest Road,"22 Hillcrest Road, Mirrabooka, NSW 2264",855000,"$855,000",house,4,1,0,,,1.21,ha,XHEGOS,Wiseberry Charmhaven - CHARMHAVEN,,,23 Nov 2022,house,,12100.0
Sold,https://www.realestate.com.au/sold/property-house-nsw-mirrabooka-138899979,Mirrabooka,NSW,2264,136 Dandaraga Road,"136 Dandaraga Road, Mirrabooka, NSW 2264",940000,"$940,000",house,4,2,2,,,782.0,m²,QQFRZN,Renshaw Real Estate - MORISSET,,,20 Apr 2022,house,,782.0
Sold,https://www.realestate.com.au/sold/property-house-nsw-mirrabooka-138361019,Mirrabooka,NSW,2264,218 Dandaraga Road,"218 Dandaraga Road, Mirrabooka, NSW 2264",1200000,"$1,200,000",house,4,3,3,,,600.0,m²,JSUAAV,"Altitude Real Estate - Newcastle, Lake Macquarie & Hunter Valley",,,08 Apr 2022,house,,600.0
Sold,https://www.realestate.com.au/sold/property-house-nsw-mirrabooka-138354075,Mirrabooka,NSW,2264,61 Fishery Point Road,"61 Fishery Point Road, Mirrabooka, NSW 2264",761000,"$761,000",house,4,2,1,,,544.0,m²,OKRIYO,McGrath Toukley - TOUKLEY,,,10 Mar 2022,house,,544.0
Sold,https://www.realestate.com.au/sold/property-house-nsw-mirrabooka-137727710,Mirrabooka,NSW,2264,196 Dandaraga Road,"196 Dandaraga Road, Mirrabooka, NSW 2264",1068888,"$1,068,888",house,4,3,1,,,613.0,m²,LJSBDX,Stone Real Estate - Toukley/Long Jetty,,,25 Nov 2021,house,,613.0
Sold,https://www.realestate.com.au/sold/property-house-nsw-mirrabooka-137638038,Mirrabooka,NSW,2264,14 Mirrabooka Road,"14 Mirrabooka Road, Mirrabooka, NSW 2264",1300000,"$1,300,000",house,4,3,4,,,2125.0,m²,GCVSXR,Elle Jayne Realty - Morisset,,,12 Nov 2021,house,,2125.0
Sold,https://www.realestate.com.au/sold/property-house-nsw-mirrabooka-137257646,Mirrabooka,NSW,2264,192 Dandaraga Road,"192 Dandaraga Road, Mirrabooka, NSW 2264",1102500,"$1,102,500",house,4,2,4,,,1176.0,m²,YFXTMJ,Ray White - Long Jetty,,,11 Oct 2021,house,,1176.0
Sold,https://www.realestate.com.au/sold/property-house-nsw-mirrabooka-134663790,Mirrabooka,NSW,2264,26a Mirrabooka Road,"26a Mirrabooka Road, Mirrabooka, NSW 2264",605000,"$605,000",house,4,2,2,,,682.0,m²,QOFYXR,Coleman Estate Agents - Central Coast,,,31 Mar 2021,house,,682.0
Sold,https://www.realestate.com.au/sold/property-house-nsw-mirrabooka-119193031,Mirrabooka,NSW,2264,4 Hillcrest Road,"4 Hillcrest Road, Mirrabooka, NSW 2264",595000,"$595,000",house,4,2,2,,,620.0,m²,XRWMOA,Ray White - Morisset,,,10 Mar 2021,house,,620.0
Sold,https://www.realestate.com.au/sold/property-house-nsw-mirrabooka-132320810,Mirrabooka,NSW,2264,178 Dandaraga Road,"178 Dandaraga Road, Mirrabooka, NSW 2264",560000,"$560,000",house,4,2,1,,,582.0,m²,XRWMOA,Ray White - Morisset,,,10 Feb 2021,house,,582.0
Sold,https://www.realestate.com.au/sold/property-house-nsw-mirrabooka-134609870,Mirrabooka,NSW,2264,1 Mirrabooka Road,"1 Mirrabooka Road, Mirrabooka, NSW 2264",695000,"$695,000",house,4,2,2,,,721.0,m²,XRWMOA,Ray White - Morisset,,,12 Nov 2020,house,,721.0
Sold,https://www.realestate.com.au/sold/property-house-nsw-mirrabooka-132273622,Mirrabooka,NSW,2264,196 Dandaraga Road,"196 Dandaraga Road, Mirrabooka, NSW 2264",755000,"$755,000",house,4,3,1,,,-1.0,,XRHMOT,PRD  - Real Estate,,,05 Dec 2019,house,,-1.0
Sold,https://www.realestate.com.au/sold/property-house-nsw-mirrabooka-131796218,Mirrabooka,NSW,2264,40 Hillcrest Road,"40 Hillcrest Road, Mirrabooka, NSW 2264",690000,"$690,000",house,4,2,2,,,1058.0,m²,JSUAAV,"Altitude Real Estate - Newcastle, Lake Macquarie & Hunter Valley",,,13 Sep 2019,house,,1058.0
Sold,https://www.realestate.com.au/sold/property-house-nsw-mirrabooka-129884142,Mirrabooka,NSW,2264,21 Fishery Point Road,"21 Fishery Point Road, Mirrabooka, NSW 2264",550000,"$550,000",house,4,2,1,,,-1.0,,OKRIYO,McGrath Toukley - TOUKLEY,,,04 Jan 2019,house,,-1.0
Sold,https://www.realestate.com.au/sold/property-house-nsw-mirrabooka-124203422,Mirrabooka,NSW,2264,192 Dandaraga Road,"192 Dandaraga Road, Mirrabooka, NSW 2264",520000,"$520,000",house,4,2,2,,,1176.0,m²,XRWMOA,Ray White - Morisset,,,21 Dec 2016,house,,1176.0
Sold,https://www.realestate.com.au/sold/property-house-nsw-mirrabooka-122934374,Mirrabooka,NSW,2264,136 Dandaraga Road,"136 Dandaraga Road, Mirrabooka, NSW 2264",560000,"$560,000",house,4,2,2,,,784.1,m²,XRWMOA,Ray White - Morisset,,,02 Dec 2016,house,,784.1
Sold,https://www.realestate.com.au/sold/property-house-nsw-mirrabooka-121103118,Mirrabooka,NSW,2264,121 Dandaraga Road,"121 Dandaraga Road, Mirrabooka, NSW 2264",1380000,"$1,380,000",house,4,3,6,,,1189.0,m²,RCYGQP,The Property Market - Central Coast,,,11 Nov 2015,house,,1189.0
Sold,https://www.realestate.com.au/sold/property-house-nsw-mirrabooka-138742287,Mirrabooka,NSW,2264,9 Hillcrest Road,"9 Hillcrest Road, Mirrabooka, NSW 2264",775000,"$775,000",house,4,2,2,,,645.0,m²,XGBTOV,Brand Property - Central Coast,,,25 Feb 2022,house,,645.0
Sold,https://www.realestate.com.au/sold/property-house-nsw-mirrabooka-136879434,Mirrabooka,NSW,2264,22 Mooranga Road,"22 Mooranga Road, Mirrabooka, NSW 2264",755000,"$755,000",house,4,2,2,,,-1.0,,XNNGFX,PRD - Real Estate,,,02 Jun 2021,house,,-1.0
Sold,https://www.realestate.com.au/sold/property-house-nsw-mirrabooka-134664510,Mirrabooka,NSW,2264,13 Mooranga Road,"13 Mooranga Road, Mirrabooka, NSW 2264",560000,"$560,000",house,4,2,3,,,803.0,m²,MPPMOR,Morisset City Real Estate - Morisset,,,16 Oct 2020,house,,803.0
Sold,https://www.realestate.com.au/sold/property-house-nsw-mirrabooka-134451930,Mirrabooka,NSW,2264,7 Tully Close,"7 Tully Close, Mirrabooka, NSW 2264",765000,"$765,000",house,4,2,2,,,1894.0,m²,DOWMOR,Wilson Britten - Morisset,,,13 Oct 2020,house,,1894.0
Sold,https://www.realestate.com.au/sold/property-house-nsw-mirrabooka-127914678,Mirrabooka,NSW,2264,162 Dandaraga Road,"162 Dandaraga Road, Mirrabooka, NSW 2264",545000,"$545,000",house,4,2,2,,,784.0,m²,DOWMOR,Wilson Britten - Morisset,,,12 Jun 2018,house,,784.0
Sold,https://www.realestate.com.au/sold/property-house-nsw-mirrabooka-121231558,Mirrabooka,NSW,2264,208 Dandaraga Rd,"208 Dandaraga Rd, Mirrabooka, NSW 2264",880000,"$880,000",house,4,4,2,,,1043.0,m²,MPPMOR,Morisset City Real Estate - Morisset,,,21 Dec 2017,house,,1043.0
Sold,https://www.realestate.com.au/sold/property-house-nsw-mirrabooka-126458054,Mirrabooka,NSW,2264,7 Mirrabooka Road,"7 Mirrabooka Road, Mirrabooka, NSW 2264",575000,"$575,000",house,4,2,1,325.16,m²,980.0,m²,,,,,13 Oct 2017,house,325.16,980.0
Sold,https://www.realestate.com.au/sold/property-house-nsw-mirrabooka-131435166,Mirrabooka,NSW,2264,67 Hillcrest Parade,"67 Hillcrest Parade, Mirrabooka, NSW 2264",740000,"$740,000",house,4,2,0,,,-1.0,,,,,,26 May 2017,house,,-1.0
Sold,https://www.realestate.com.au/sold/property-house-nsw-mirrabooka-125144010,Mirrabooka,NSW,2264,12 Maipoona Road,"12 Maipoona Road, Mirrabooka, NSW 2264",500000,"$500,000",house,4,2,3,,,613.0,m²,XRHMOT,PRD  - Real Estate,,,28 Apr 2017,house,,613.0
Sold,https://www.realestate.com.au/sold/property-house-nsw-mirrabooka-122486702,Mirrabooka,NSW,2264,66 Fishery Point Road,"66 Fishery Point Road, Mirrabooka, NSW 2264",537000,"$537,000",house,4,3,2,,,601.0,m²,DOWMOR,Wilson Britten - Morisset,,,30 Aug 2016,house,,601.0
Sold,https://www.realestate.com.au/sold/property-house-nsw-mirrabooka-122797282,Mirrabooka,NSW,2264,21 Hillcrest Road,"21 Hillcrest Road, Mirrabooka, NSW 2264",435000,"$435,000",house,4,2,3,,,651.0,m²,DOWMOR,Wilson Britten - Morisset,,,26 Jul 2016,house,,651.0
Sold,https://www.realestate.com.au/sold/property-house-nsw-mirrabooka-120826921,Mirrabooka,NSW,2264,27 Mooranga Rd,"27 Mooranga Rd, Mirrabooka, NSW 2264",387000,"$387,000",house,4,2,2,,,-1.0,,MPPMOR,Morisset City Real Estate - Morisset,,,18 Nov 2015,house,,-1.0
Sold,https://www.realestate.com.au/sold/property-house-nsw-mirrabooka-121004706,Mirrabooka,NSW,2264,23 Mirrabooka Road,"23 Mirrabooka Road, Mirrabooka, NSW 2264",420000,"$420,000",house,4,1,3,,,1081.0,m²,XRWTOR,Ray White - Toronto,,,04 Nov 2015,house,,1081.0
Sold,https://www.realestate.com.au/sold/property-house-nsw-mirrabooka-118386955,Mirrabooka,NSW,2264,17 Mirrabooka Road,"17 Mirrabooka Road, Mirrabooka, NSW 2264",587500,"$587,500",house,4,4,2,,,1113.0,m²,DOWMOR,Wilson Britten - Morisset,,,03 Mar 2015,house,,1113.0
Sold,https://www.realestate.com.au/sold/property-house-nsw-mirrabooka-118305759,Mirrabooka,NSW,2264,149 Dandaraga Road,"149 Dandaraga Road, Mirrabooka, NSW 2264",550000,"$550,000",house,4,2,1,,,809.0,m²,DOWMOR,Wilson Britten - Morisset,,,04 Feb 2015,house,,809.0
Sold,https://www.realestate.com.au/sold/property-house-nsw-mirrabooka-117334603,Mirrabooka,NSW,2264,7 Hillcrest Road,"7 Hillcrest Road, Mirrabooka, NSW 2264",250000,"$250,000",house,4,2,0,,,645.0,m²,DOWMOR,Wilson Britten - Morisset,,,21 Aug 2014,house,,645.0
Sold,https://www.realestate.com.au/sold/property-house-nsw-mirrabooka-117318187,Mirrabooka,NSW,2264,25 Mooranga Road,"25 Mooranga Road, Mirrabooka, NSW 2264",420000,"$420,000",house,4,2,1,,,658.0,m²,XFNWYO,Coastwide First National -   ,,,30 Jun 2014,house,,658.0
Sold,https://www.realestate.com.au/sold/property-house-nsw-mirrabooka-115373043,Mirrabooka,NSW,2264,22 Mooranga Rd,"22 Mooranga Rd, Mirrabooka, NSW 2264",410000,"$410,000",house,4,2,3,,,981.0,m²,MPPMOR,Morisset City Real Estate - Morisset,,,11 Feb 2014,house,,981.0
Sold,https://www.realestate.com.au/sold/property-house-nsw-mirrabooka-111847275,Mirrabooka,NSW,2264,6 Tully Close,"6 Tully Close, Mirrabooka, NSW 2264",540000,"$540,000",house,4,2,2,,,-1.0,,XRHMOT,PRD  - Real Estate,,,24 Apr 2013,house,,-1.0
Sold,https://www.realestate.com.au/sold/property-house-nsw-mirrabooka-106875153,Mirrabooka,NSW,2264,,,535000,"$535,000",house,4,2,3,,,2125.0,m²,XLJTOS,LJ Hooker Lake Macquarie - TORONTO,,,05 Oct 2010,house,,2125.0
Sold,https://www.realestate.com.au/sold/property-house-nsw-mirrabooka-138309258,Mirrabooka,NSW,2264,8 Tully Close,"8 Tully Close, Mirrabooka, NSW 2264",820000,"$820,000",house,4,2,2,,,882.0,m²,QQFRZN,Renshaw Real Estate - MORISSET,,,14 Mar 2022,house,,882.0
Sold,https://www.realestate.com.au/sold/property-house-nsw-mirrabooka-132416022,Mirrabooka,NSW,2264,25 Mooranga Road,"25 Mooranga Road, Mirrabooka, NSW 2264",500000,"$500,000",house,4,1,1,,,658.0,m²,XSEBAT,MMJ - Bateau Bay,,,06 Aug 2020,house,,658.0
Sold,https://www.realestate.com.au/sold/property-house-nsw-mirrabooka-132791058,Mirrabooka,NSW,2264,44 Hillcrest Road,"44 Hillcrest Road, Mirrabooka, NSW 2264",943000,"$943,000",house,4,2,2,,,8229.0,m²,XRWMOA,Ray White - Morisset,,,06 Mar 2020,house,,8229.0
Sold,https://www.realestate.com.au/sold/property-house-nsw-mirrabooka-124288350,Mirrabooka,NSW,2264,16 Porowi road,"16 Porowi road, Mirrabooka, NSW 2264",,Contact agent,house,4,1,2,,,-1.0,,MWXJCK,buymyplace,,,14 Apr 2017,house,,-1.0
Sold,https://www.realestate.com.au/sold/property-house-nsw-mirrabooka-117088811,Mirrabooka,NSW,2264,7 Mirrabooka Road,"7 Mirrabooka Road, Mirrabooka, NSW 2264",369000,"$369,000",house,4,2,1,,,980.0,m²,XRHMOT,PRD  - Real Estate,,,29 May 2014,house,,980.0
Sold,https://www.realestate.com.au/sold/property-house-nsw-mirrabooka-112163959,Mirrabooka,NSW,2264,183 Dandaraga Road,"183 Dandaraga Road, Mirrabooka, NSW 2264",420000,"$420,000",house,4,2,3,,,-1.0,,XRHMOT,PRD  - Real Estate,,,21 Jan 2013,house,,-1.0
Sold,https://www.realestate.com.au/sold/property-house-nsw-mirrabooka-110077225,Mirrabooka,NSW,2264,37 Mooranga  Rd,"37 Mooranga  Rd, Mirrabooka, NSW 2264",319000,"$319,000",house,4,1,2,,,-1.0,,MPPMOR,Morisset City Real Estate - Morisset,,,24 Dec 2012,house,,-1.0
Sold,https://www.realestate.com.au/sold/property-house-nsw-mirrabooka-112327123,Mirrabooka,NSW,2264,148 Dandaraga Rd,"148 Dandaraga Rd, Mirrabooka, NSW 2264",435000,"$435,000",house,4,2,2,,,-1.0,,XRWMOA,Ray White - Morisset,,,16 Nov 2012,house,,-1.0
Sold,https://www.realestate.com.au/sold/property-house-nsw-mirrabooka-110708001,Mirrabooka,NSW,2264,178 Dandaraga Road,"178 Dandaraga Road, Mirrabooka, NSW 2264",320000,"$320,000",house,4,2,1,,,581.0,m²,XRHMOT,PRD  - Real Estate,,,17 Sep 2012,house,,581.0
Sold,https://www.realestate.com.au/sold/property-house-nsw-mirrabooka-108021896,Mirrabooka,NSW,2264,3 Mirrabooka Rd,"3 Mirrabooka Rd, Mirrabooka, NSW 2264",457000,"$457,000",house,4,2,2,,,758.0,m²,XRWMOA,Ray White - Morisset,,,24 Feb 2012,house,,758.0
Sold,https://www.realestate.com.au/sold/property-house-nsw-mirrabooka-109178276,Mirrabooka,NSW,2264,17 Mirrabooka Rd,"17 Mirrabooka Rd, Mirrabooka, NSW 2264",,Contact agent,house,4,2,2,,,1113.0,m²,XRHMOT,PRD  - Real Estate,,,14 Feb 2012,house,,1113.0
Sold,https://www.realestate.com.au/sold/property-house-nsw-mirrabooka-106839094,Mirrabooka,NSW,2264,45 Mirrabooka Rd,"45 Mirrabooka Rd, Mirrabooka, NSW 2264",360000,"$360,000",house,4,2,2,,,780.0,m²,XRWMOA,Ray White - Morisset,,,26 Nov 2010,house,,780.0
Sold,https://www.realestate.com.au/sold/property-house-nsw-mirrabooka-106945892,Mirrabooka,NSW,2264,136 Dandaraga Rd,"136 Dandaraga Rd, Mirrabooka, NSW 2264",477000,"$477,000",house,4,2,2,,,787.0,m²,XRWMOA,Ray White - Morisset,,,18 Nov 2010,house,,787.0
Sold,https://www.realestate.com.au/sold/property-house-nsw-mirrabooka-106592207,Mirrabooka,NSW,2264,,,,Contact agent,house,4,2,4,,,872.6,m²,XLJTOS,LJ Hooker Lake Macquarie - TORONTO,,,10 Aug 2010,house,,872.6
Sold,https://www.realestate.com.au/sold/property-house-nsw-mirrabooka-106609365,Mirrabooka,NSW,2264,196 Dandaraga Road,"196 Dandaraga Road, Mirrabooka, NSW 2264",510000,"$510,000",house,4,3,2,,,613.0,m²,XRHMOT,PRD  - Real Estate,,,22 Jun 2010,house,,613.0
Sold,https://www.realestate.com.au/sold/property-house-nsw-mirrabooka-106374586,Mirrabooka,NSW,2264,201 Dandaraga Road,"201 Dandaraga Road, Mirrabooka, NSW 2264",1170000,"$1,170,000",house,4,4,4,,,493.0,m²,XRHMOT,PRD  - Real Estate,,,07 Jun 2010,house,,493.0
Sold,https://www.realestate.com.au/sold/property-house-nsw-mirrabooka-105383659,Mirrabooka,NSW,2264,,,295000,"$295,000",house,4,2,1,,,980.0,m²,MPPMOR,Morisset City Real Estate - Morisset,,,17 Jun 2009,house,,980.0
Sold,https://www.realestate.com.au/sold/property-house-nsw-mirrabooka-105030129,Mirrabooka,NSW,2264,,,345000,"$345,000",house,4,2,2,,,-1.0,,MPPMOR,Morisset City Real Estate - Morisset,,,13 Mar 2009,house,,-1.0
Sold,https://www.realestate.com.au/sold/property-house-nsw-mirrabooka-123505174,Mirrabooka,NSW,2264,,,,Contact agent,house,4,2,4,,,2579.0,m²,XRHMOT,PRD  - Real Estate,,,05 Jun 2007,house,,2579.0
Sold,https://www.realestate.com.au/sold/property-house-nsw-mirrabooka-138751819,Mirrabooka,NSW,2264,10 Maipoona Road,"10 Maipoona Road, Mirrabooka, NSW 2264",810000,"$810,000",house,5,2,1,,,607.0,m²,GCVSXR,Elle Jayne Realty - Morisset,,,07 Jun 2022,house,,607.0
Sold,https://www.realestate.com.au/sold/property-house-nsw-mirrabooka-139032995,Mirrabooka,NSW,2264,162 Dandaraga Road,"162 Dandaraga Road, Mirrabooka, NSW 2264",1000000,"$1,000,000",house,5,3,2,,,784.0,m²,GCVSXR,Elle Jayne Realty - Morisset,,,06 May 2022,house,,784.0
Sold,https://www.realestate.com.au/sold/property-house-nsw-mirrabooka-131819334,Mirrabooka,NSW,2264,127 Dandaraga Road,"127 Dandaraga Road, Mirrabooka, NSW 2264",1035000,"$1,035,000",house,5,3,3,,,1081.0,m²,XRHMOT,PRD  - Real Estate,,,19 Dec 2019,house,,1081.0
Sold,https://www.realestate.com.au/sold/property-house-nsw-mirrabooka-130469238,Mirrabooka,NSW,2264,199 Dandaraga Road,"199 Dandaraga Road, Mirrabooka, NSW 2264",1075000,"$1,075,000",house,5,3,5,,,493.0,m²,XRWMOA,Ray White - Morisset,,,12 Apr 2019,house,,493.0
Sold,https://www.realestate.com.au/sold/property-house-nsw-mirrabooka-127307258,Mirrabooka,NSW,2264,57 Fishery Point Rd,"57 Fishery Point Rd, Mirrabooka, NSW 2264",535000,"$535,000",house,5,2,4,,,2504.0,m²,,,,,16 Feb 2018,house,,2504.0
Sold,https://www.realestate.com.au/sold/property-house-nsw-mirrabooka-125069810,Mirrabooka,NSW,2264,67 Hillcrest Road,"67 Hillcrest Road, Mirrabooka, NSW 2264",740000,"$740,000",house,5,3,2,,,1.23,ha,ASAYKQ,Belle Property Lake Macquarie - Charlestown,,,26 May 2017,house,,12300.0
Sold,https://www.realestate.com.au/sold/property-house-nsw-mirrabooka-123316882,Mirrabooka,NSW,2264,10 Maipoona Road,"10 Maipoona Road, Mirrabooka, NSW 2264",445000,"$445,000",house,5,2,1,,,607.0,m²,XRWMOA,Ray White - Morisset,,,30 Aug 2016,house,,607.0
Sold,https://www.realestate.com.au/sold/property-house-nsw-mirrabooka-138686439,Mirrabooka,NSW,2264,15 Mirrabooka Road,"15 Mirrabooka Road, Mirrabooka, NSW 2264",848000,"$848,000",house,5,2,2,,,695.0,m²,MPPMOR,Morisset City Real Estate - Morisset,,,21 Mar 2022,house,,695.0
Sold,https://www.realestate.com.au/sold/property-house-nsw-mirrabooka-138387579,Mirrabooka,NSW,2264,4 Mooranga Road,"4 Mooranga Road, Mirrabooka, NSW 2264",792000,"$792,000",house,5,3,2,,,777.0,m²,MPPMOR,Morisset City Real Estate - Morisset,,,17 Feb 2022,house,,777.0
Sold,https://www.realestate.com.au/sold/property-house-nsw-mirrabooka-137475730,Mirrabooka,NSW,2264,27 Mooranga Road,"27 Mooranga Road, Mirrabooka, NSW 2264",761000,"$761,000",house,5,2,2,,,651.0,m²,XLQATQ,Wiseberry Gorokan Heritage - GOROKAN,,,22 Oct 2021,house,,651.0
Sold,https://www.realestate.com.au/sold/property-house-nsw-mirrabooka-133436266,Mirrabooka,NSW,2264,73 Fishery Point Road,"73 Fishery Point Road, Mirrabooka, NSW 2264",520000,"$520,000",house,5,3,2,,,588.0,m²,MPPMOR,Morisset City Real Estate - Morisset,,,22 May 2020,house,,588.0
Sold,https://www.realestate.com.au/sold/property-acreage+semi-rural-nsw-mirrabooka-131545006,Mirrabooka,NSW,2264,52 Hillcrest Road,"52 Hillcrest Road, Mirrabooka, NSW 2264",930000,"$930,000",acreage,5,2,2,"9,137",m²,9137.0,m²,GCVSXR,Elle Jayne Realty - Morisset,,,13 Sep 2019,house,"9,137",9137.0
Sold,https://www.realestate.com.au/sold/property-house-nsw-mirrabooka-126634954,Mirrabooka,NSW,2264,13 Hillcrest Road,"13 Hillcrest Road, Mirrabooka, NSW 2264",575000,"$575,000",house,5,3,5,,,-1.0,,IOHFCS,Dotcom Property Sales - NSW,,,13 Nov 2017,house,,-1.0
Sold,https://www.realestate.com.au/sold/property-house-nsw-mirrabooka-118796827,Mirrabooka,NSW,2264,58 Fishery Point Road,"58 Fishery Point Road, Mirrabooka, NSW 2264",534000,"$534,000",house,5,3,2,,,-1.0,,MPPMOR,Morisset City Real Estate - Morisset,,,26 Jul 2016,house,,-1.0
Sold,https://www.realestate.com.au/sold/property-house-nsw-mirrabooka-118328503,Mirrabooka,NSW,2264,8 Fishery Point Road,"8 Fishery Point Road, Mirrabooka, NSW 2264",427500,"$427,500",house,5,2,1,,,-1.0,,XRHMOT,PRD  - Real Estate,,,02 Dec 2014,house,,-1.0
Sold,https://www.realestate.com.au/sold/property-house-nsw-mirrabooka-114608407,Mirrabooka,NSW,2264,145 Dandaraga Road,"145 Dandaraga Road, Mirrabooka, NSW 2264",775000,"$775,000",house,5,3,3,,,-1.0,,XRHMOT,PRD  - Real Estate,,,01 Nov 2013,house,,-1.0
Sold,https://www.realestate.com.au/sold/property-house-nsw-mirrabooka-131506158,Mirrabooka,NSW,2264,,,1200000,"$1,200,000",house,5,3,4,,,872.6,m²,NTWOYA,Love Realty - Newcastle/ Lake Macquarie,,,08 Nov 2019,house,,872.6
Sold,https://www.realestate.com.au/sold/property-house-nsw-mirrabooka-117602979,Mirrabooka,NSW,2264,127 Dandaraga Road,"127 Dandaraga Road, Mirrabooka, NSW 2264",,Contact agent,house,5,3,3,,,1086.0,m²,,,,,28 Oct 2014,house,,1086.0
Sold,https://www.realestate.com.au/sold/property-house-nsw-mirrabooka-113973219,Mirrabooka,NSW,2264,3 Mirrabooka Road,"3 Mirrabooka Road, Mirrabooka, NSW 2264",,Contact agent,house,5,3,4,,,-1.0,,MWXJCK,buymyplace,,,14 Apr 2014,house,,-1.0
Sold,https://www.realestate.com.au/sold/property-house-nsw-mirrabooka-107359740,Mirrabooka,NSW,2264,52 Hillcrest Road,"52 Hillcrest Road, Mirrabooka, NSW 2264",705000,"$705,000",house,5,2,2,,,-1.0,,XRWTUR,Ray White Upper North Shore -   ,,,05 Jul 2013,house,,-1.0
Sold,https://www.realestate.com.au/sold/property-house-nsw-mirrabooka-112642071,Mirrabooka,NSW,2264,17 Mirrabooka Road,"17 Mirrabooka Road, Mirrabooka, NSW 2264",510000,"$510,000",house,5,3,2,,,1113.0,m²,DOWMOR,Wilson Britten - Morisset,,,28 Mar 2013,house,,1113.0
Sold,https://www.realestate.com.au/sold/property-house-nsw-mirrabooka-109364116,Mirrabooka,NSW,2264,20 Mooranga Rd,"20 Mooranga Rd, Mirrabooka, NSW 2264",355000,"$355,000",house,5,1,3,,,980.0,m²,MPPMOR,Morisset City Real Estate - Morisset,,,28 Feb 2012,house,,980.0
Sold,https://www.realestate.com.au/sold/property-house-nsw-mirrabooka-106620718,Mirrabooka,NSW,2264,11 Mirrabooka Road,"11 Mirrabooka Road, Mirrabooka, NSW 2264",352500,"$352,500",house,5,2,2,,,696.0,m²,XRHMOT,PRD  - Real Estate,,,13 Aug 2010,house,,696.0
Sold,https://www.realestate.com.au/sold/property-house-nsw-mirrabooka-140682587,Mirrabooka,NSW,2264,36 Mirrabooka Road,"36 Mirrabooka Road, Mirrabooka, NSW 2264",,Contact agent,house,6,2,2,,,1220.0,m²,DIYWVC,Harcourts Newcastle - NEWCASTLE,,,09 Nov 2022,house,,1220.0
Sold,https://www.realestate.com.au/sold/property-residential+land-nsw-mirrabooka-203266995,Mirrabooka,NSW,2264,18  Fishery Point Road,"18  Fishery Point Road, Mirrabooka, NSW 2264",302000,"$302,000",residential-land,,,,,,461.0,m²,QOFYXR,Coleman Estate Agents - Central Coast,,,22 Mar 2022,land,,461.0
Sold,https://www.realestate.com.au/sold/property-residential+land-nsw-mirrabooka-203158866,Mirrabooka,NSW,2264,18 Fishery Point Road,"18 Fishery Point Road, Mirrabooka, NSW 2264",260000,"$260,000",residential-land,,,,,,466.0,m²,DOWMOR,Wilson Britten - Morisset,,,03 Dec 2021,land,,466.0
Sold,https://www.realestate.com.au/sold/property-residential+land-nsw-mirrabooka-2423989,Mirrabooka,NSW,2264,1 Fishery Point Road,"1 Fishery Point Road, Mirrabooka, NSW 2264",380000,"$380,000",residential-land,,,,,,5075.0,m²,XRWMOA,Ray White - Morisset,,,25 May 2021,land,,5075.0
Sold,https://www.realestate.com.au/sold/property-residential+land-nsw-mirrabooka-201917570,Mirrabooka,NSW,2264,18 Fishery Point Road,"18 Fishery Point Road, Mirrabooka, NSW 2264",180000,"$180,000",residential-land,,,,,,461.0,m²,DOWMOR,Wilson Britten - Morisset,,,22 Oct 2020,land,,461.0
Sold,https://www.realestate.com.au/sold/property-residential+land-nsw-mirrabooka-201092583,Mirrabooka,NSW,2264,202 Dandaraga Road,"202 Dandaraga Road, Mirrabooka, NSW 2264",219000,"$219,000",residential-land,,,,,,684.0,m²,MPPMOR,Morisset City Real Estate - Morisset,,,11 Dec 2016,land,,684.0
Sold,https://www.realestate.com.au/sold/property-residential+land-nsw-mirrabooka-201123059,Mirrabooka,NSW,2264,32 Fishery Point Road,"32 Fishery Point Road, Mirrabooka, NSW 2264",90000,"$90,000",residential-land,,,,,,556.0,m²,DOWMOR,Wilson Britten - Morisset,,,01 May 2015,land,,556.0
Sold,https://www.realestate.com.au/sold/property-residential+land-nsw-mirrabooka-201043743,Mirrabooka,NSW,2264,18 Fishery Point Road,"18 Fishery Point Road, Mirrabooka, NSW 2264",90000,"$90,000",residential-land,,,,,,461.0,m²,DOWMOR,Wilson Britten - Morisset,,,24 Apr 2015,land,,461.0
Sold,https://www.realestate.com.au/sold/property-residential+land-nsw-mirrabooka-201107995,Mirrabooka,NSW,2264,19 Maipoona Road,"19 Maipoona Road, Mirrabooka, NSW 2264",195000,"$195,000",residential-land,,,,,,613.0,m²,DOWMOR,Wilson Britten - Morisset,,,12 Apr 2015,land,,613.0
Sold,https://www.realestate.com.au/sold/property-residential+land-nsw-mirrabooka-200810895,Mirrabooka,NSW,2264,32 Fishery Point Road,"32 Fishery Point Road, Mirrabooka, NSW 2264",92500,"$92,500",residential-land,,,,,,556.0,m²,DOWMOR,Wilson Britten - Morisset,,,21 Oct 2014,land,,556.0
Sold,https://www.realestate.com.au/sold/property-residential+land-nsw-mirrabooka-201179783,Mirrabooka,NSW,2264,21 Maipoona Rd,"21 Maipoona Rd, Mirrabooka, NSW 2264",192000,"$192,000",residential-land,,,,,,1590.0,m²,XRWMOA,Ray White - Morisset,,,10 Jun 2015,land,,1590.0
Sold,https://www.realestate.com.au/sold/property-residential+land-nsw-mirrabooka-2359229,Mirrabooka,NSW,2264,26A Mirrabooka Rd,"26A Mirrabooka Rd, Mirrabooka, NSW 2264",138000,"$138,000",residential-land,,,,,,682.0,m²,XRHMOT,PRD  - Real Estate,,,22 May 2014,land,,682.0
Sold,https://www.realestate.com.au/sold/property-residential+land-nsw-mirrabooka-200325271,Mirrabooka,NSW,2264,2 Fishery Point Road,"2 Fishery Point Road, Mirrabooka, NSW 2264",110000,"$110,000",residential-land,,,,,,614.0,m²,XRWMOA,Ray White - Morisset,,,04 Apr 2014,land,,614.0
Sold,https://www.realestate.com.au/sold/property-residential+land-nsw-mirrabooka-200463383,Mirrabooka,NSW,2264,31 Mirrabooka Road,"31 Mirrabooka Road, Mirrabooka, NSW 2264",,Contact agent,residential-land,,,,,,655.5,m²,XRWMOA,Ray White - Morisset,,,01 Apr 2014,land,,655.5
Sold,https://www.realestate.com.au/sold/property-residential+land-nsw-mirrabooka-200624627,Mirrabooka,NSW,2264,218 Dandaraga Rd,"218 Dandaraga Rd, Mirrabooka, NSW 2264",132000,"$132,000",residential-land,,,,,,632.0,m²,MPPMOR,Morisset City Real Estate - Morisset,,,10 Aug 2013,land,,632.0
Sold,https://www.realestate.com.au/sold/property-residential+land-nsw-mirrabooka-200400663,Mirrabooka,NSW,2264,16  Porowi Rd,"16  Porowi Rd, Mirrabooka, NSW 2264",135000,"$135,000",residential-land,,,,,,608.0,m²,MPPMOR,Morisset City Real Estate - Morisset,,,23 Jan 2013,land,,608.0
Sold,https://www.realestate.com.au/sold/property-residential+land-nsw-mirrabooka-2805644,Mirrabooka,NSW,2264,44 Hillcrest Road,"44 Hillcrest Road, Mirrabooka, NSW 2264",265000,"$265,000",residential-land,,,,,,8229.0,m²,XRWMOA,Ray White - Morisset,,,27 Feb 2012,land,,8229.0
Sold,https://www.realestate.com.au/sold/property-residential+land-nsw-mirrabooka-2861294,Mirrabooka,NSW,2264,119 Dandaraga Road,"119 Dandaraga Road, Mirrabooka, NSW 2264",545000,"$545,000",residential-land,,,,,,1145.0,m²,XRHMOT,PRD  - Real Estate,,,14 Jun 2011,land,,1145.0
Sold,https://www.realestate.com.au/sold/property-residential+land-nsw-mirrabooka-2421200,Mirrabooka,NSW,2264,2 Fishery Point Road,"2 Fishery Point Road, Mirrabooka, NSW 2264",110000,"$110,000",residential-land,,,,,,614.0,m²,XRWMOA,Ray White - Morisset,,,21 Sep 2010,land,,614.0
Sold,https://www.realestate.com.au/sold/property-residential+land-nsw-mirrabooka-2498927,Mirrabooka,NSW,2264,"Lot 470, 18 Fishery Point Road","Lot 470, 18 Fishery Point Road, Mirrabooka, NSW 2264",,Contact agent,residential-land,,,,,,460.0,m²,XFNTOT,Avery Property Professionals  -   ,,,21 Jun 2010,land,,460.0
Sold,https://www.realestate.com.au/sold/property-residential+land-nsw-mirrabooka-2325876,Mirrabooka,NSW,2264,208 Dandaraga Road,"208 Dandaraga Road, Mirrabooka, NSW 2264",,Contact agent,residential-land,,,,,,1178.0,m²,DOWMOR,Wilson Britten - Morisset,,,28 May 2010,land,,1178.0
Sold,https://www.realestate.com.au/sold/property-residential+land-nsw-mirrabooka-2363901,Mirrabooka,NSW,2264,,,,Contact agent,residential-land,,,,,,743.0,m²,MPPMOR,Morisset City Real Estate - Morisset,,,14 Oct 2009,land,,743.0
Sold,https://www.realestate.com.au/sold/property-residential+land-nsw-mirrabooka-2501624,Mirrabooka,NSW,2264,154 Dandaraga Road,"154 Dandaraga Road, Mirrabooka, NSW 2264",145000,"$145,000",residential-land,,,,,,708.0,m²,XRWMOA,Ray White - Morisset,,,24 Sep 2009,land,,708.0
Sold,https://www.realestate.com.au/sold/property-residential+land-nsw-mirrabooka-2461488,Mirrabooka,NSW,2264,124 Dandaraga Road,"124 Dandaraga Road, Mirrabooka, NSW 2264",167000,"$167,000",residential-land,,,,,,697.0,m²,XRHMOT,PRD  - Real Estate,,,02 Mar 2009,land,,697.0
Sold,https://www.realestate.com.au/sold/property-residential+land-nsw-mirrabooka-2917391,Mirrabooka,NSW,2264,39 Fishery Point Road,"39 Fishery Point Road, Mirrabooka, NSW 2264",,Contact agent,residential-land,,,,,,2.02,ha,KVDYUU,Urban & Coastal - Terrigal,,,,land,,20200.0
Sold,https://www.realestate.com.au/sold/property-acreage+semi-rural-nsw-mirrabooka-133409462,Mirrabooka,NSW,2264,22 Hillcrest Road,"22 Hillcrest Road, Mirrabooka, NSW 2264",600000,"$600,000",acreage,3,1,1,,,1.23,ha,XRWMOA,Ray White - Morisset,,,08 May 2020,acreage,,12300.0
Sold,https://www.realestate.com.au/sold/property-acreage+semi-rural-nsw-mirrabooka-119933561,Mirrabooka,NSW,2264,75 Hillcrest Road,"75 Hillcrest Road, Mirrabooka, NSW 2264",770000,"$770,000",acreage,3,2,2,,,8093.71,m²,RCYGQP,The Property Market - Central Coast,,,15 Jun 2015,acreage,,8093.71
Sold,https://www.realestate.com.au/sold/property-acreage+semi-rural-nsw-mirrabooka-134155138,Mirrabooka,NSW,2264,39 Fishery Point Road,"39 Fishery Point Road, Mirrabooka, NSW 2264",560000,"$560,000",acreage,1,1,0,,,2.0,ha,XNNGFX,PRD - Real Estate,,,21 Dec 2020,acreage,,20000.0
Sold,https://www.realestate.com.au/sold/property-acreage+semi-rural-nsw-mirrabooka-131545006,Mirrabooka,NSW,2264,52 Hillcrest Road,"52 Hillcrest Road, Mirrabooka, NSW 2264",930000,"$930,000",acreage,5,2,2,"9,137",m²,9137.0,m²,GCVSXR,Elle Jayne Realty - Morisset,,,13 Sep 2019,acreage,"9,137",9137.0
